list_kx [-3.14159265 -1.57079633  0.          1.57079633]
list_ky [-2.35619449 -0.78539816  0.78539816  2.35619449]
list_ikx [0 1 2 3]
list_iky [0 1 2 3]
list_mikx [0 3 2 1]
list_miky [3 2 1 0]
list_RBZ_kx [-1.57079633 -1.57079633  0.          0.          0.          0.
  1.57079633  1.57079633]
list_RBZ_ky [-0.78539816  0.78539816 -2.35619449 -0.78539816  0.78539816  2.35619449
 -0.78539816  0.78539816]
list_RBZ_ikx [1 1 2 2 2 2 3 3]
list_RBZ_iky [1 2 0 1 2 3 1 2]
list_RBZ_ik [ 5  9  2  6 10 14  7 11]
list_RBZ_mikx [3 3 2 2 2 2 1 1]
list_RBZ_miky [2 1 3 2 1 0 2 1]
list_RBZ_mik [11  7 14 10  6  2  9  5]
list_RBZ_ind [0 1 2 3 4 5 6 7]
list_RBZ_ik2ind [-1 -1  2 -1 -1  0  3  6 -1  1  4  7 -1 -1  5 -1]
list_enekxky [-0.75925831 -0.75925831 -0.75925831 -0.75925831  0.15106177  0.15106177
  0.15106177  0.15106177  0.15106177  0.15106177  0.15106177  0.15106177
  0.32502965  0.32502965  0.32502965  0.32502965  9.67497035  9.67497035
  9.67497035  9.67497035  9.84893823  9.84893823  9.84893823  9.84893823
  9.84893823  9.84893823  9.84893823  9.84893823 10.75925831 10.75925831
 10.75925831 10.75925831]
 (numel) 16
 <= numel-1 [-0.75925831 -0.75925831 -0.75925831 -0.75925831  0.15106177  0.15106177
  0.15106177  0.15106177  0.15106177  0.15106177  0.15106177  0.15106177
  0.32502965  0.32502965  0.32502965  0.32502965]
 >= numel [ 9.67497035  9.67497035  9.67497035  9.67497035  9.84893823  9.84893823
  9.84893823  9.84893823  9.84893823  9.84893823  9.84893823  9.84893823
 10.75925831 10.75925831 10.75925831 10.75925831]
numel 16
intkxky [18 16 14 12  0  2 28  4  6 26 24 30 20 22 10  8 21  9 23 11 27 29 25 31
  7  5  3  1 17 13 19 15]
veckxky [[ 0.          0.         -0.89241855 -0.45120852]
 [-0.89241855 -0.45120852  0.          0.        ]
 [ 0.          0.         -0.89241855 -0.45120852]
 [-0.89241855 -0.45120852  0.          0.        ]
 [-0.80363371 -0.59512424  0.          0.        ]
 [ 0.          0.         -0.80363371 -0.59512424]
 [-0.80363371 -0.59512424  0.          0.        ]
 [-0.80363371 -0.59512424  0.          0.        ]
 [ 0.          0.         -0.80363371 -0.59512424]
 [ 0.          0.         -0.80363371 -0.59512424]
 [-0.80363371 -0.59512424  0.          0.        ]
 [ 0.          0.         -0.80363371 -0.59512424]
 [-0.7501009  -0.66132341  0.          0.        ]
 [ 0.          0.         -0.7501009  -0.66132341]
 [ 0.          0.         -0.7501009  -0.66132341]
 [-0.7501009  -0.66132341  0.          0.        ]
 [-0.66132341  0.7501009   0.          0.        ]
 [-0.66132341  0.7501009   0.          0.        ]
 [ 0.          0.         -0.66132341  0.7501009 ]
 [ 0.          0.         -0.66132341  0.7501009 ]
 [ 0.          0.         -0.59512424  0.80363371]
 [-0.59512424  0.80363371  0.          0.        ]
 [-0.59512424  0.80363371  0.          0.        ]
 [ 0.          0.         -0.59512424  0.80363371]
 [ 0.          0.         -0.59512424  0.80363371]
 [-0.59512424  0.80363371  0.          0.        ]
 [ 0.          0.         -0.59512424  0.80363371]
 [-0.59512424  0.80363371  0.          0.        ]
 [-0.45120852  0.89241855  0.          0.        ]
 [-0.45120852  0.89241855  0.          0.        ]
 [ 0.          0.         -0.45120852  0.89241855]
 [ 0.          0.         -0.45120852  0.89241855]]

xy [4 4 3 3 0 0 7 1 1 6 6 7 5 5 2 2 5 2 5 2 6 7 6 7 1 1 0 0 4 3 4 3]
x [2 2 2 2 1 1 3 1 1 3 3 3 2 2 2 2 2 2 2 2 3 3 3 3 1 1 1 1 2 2 2 2]
y [2 2 1 1 1 1 2 2 2 1 1 2 3 3 0 0 3 0 3 0 1 2 1 2 2 2 1 1 2 1 2 1]
mx [2 2 2 2 3 3 1 3 3 1 1 1 2 2 2 2 2 2 2 2 1 1 1 1 3 3 3 3 2 2 2 2]
my [1 1 2 2 2 2 1 1 1 2 2 1 0 0 3 3 0 3 0 3 2 1 2 1 1 1 2 2 1 2 1 2]
ik2ind [4 4 3 3 0 0 7 1 1 6 6 7 5 5 2 2 5 2 5 2 6 7 6 7 1 1 0 0 4 3 4 3]
mik2ind [3 3 4 4 7 7 0 6 6 1 1 0 2 2 5 5 2 5 2 5 1 0 1 0 6 6 7 7 3 4 3 4]
ss [2 0 2 0 0 2 0 0 2 2 0 2 0 2 2 0 1 1 3 3 3 1 1 3 3 1 3 1 1 1 3 3]
sub [0 0 0 0 0 0 0 0 0 0 0 0 0 0 0 0 1 1 1 1 1 1 1 1 1 1 1 1 1 1 1 1]
spin [1 0 1 0 0 1 0 0 1 1 0 1 0 1 1 0 1 1 0 0 0 1 1 0 0 1 0 1 1 1 0 0]
Nspin 8
Nsub 0

chosen index 16
c_left^dagger  (sub,spin,x,y,ind,wind,ind) 0 0 2 2 16 [1] [16]
c_right^dagger (sub,spin,x,y,ind,wind,ind) 0 1 2 1 14 [2] [14]
coeff_left  [[-0.89241855 -0.45120852  0.          0.        ]]
coeff_right [[ 0.          0.         -0.89241855 -0.45120852]]
ikx 2
iky 2
kx 0.0
ky 0.7853981633974483
fk [[0.        +0.j 0.        +0.j 0.79641087+0.j 0.40266685+0.j]
 [0.        +0.j 0.        +0.j 0.40266685+0.j 0.20358913+0.j]
 [0.        +0.j 0.        +0.j 0.        +0.j 0.        +0.j]
 [0.        +0.j 0.        +0.j 0.        +0.j 0.        +0.j]]
----
chosen index 12
c_left^dagger  (sub,spin,x,y,ind,wind,ind) 0 0 2 1 12 [3] [12]
c_right^dagger (sub,spin,x,y,ind,wind,ind) 0 1 2 2 18 [0] [18]
coeff_left  [[-0.89241855 -0.45120852  0.          0.        ]]
coeff_right [[ 0.          0.         -0.89241855 -0.45120852]]
ikx 2
iky 1
kx 0.0
ky -0.7853981633974483
fk [[0.        +0.j 0.        +0.j 0.79641087+0.j 0.40266685+0.j]
 [0.        +0.j 0.        +0.j 0.40266685+0.j 0.20358913+0.j]
 [0.        +0.j 0.        +0.j 0.        +0.j 0.        +0.j]
 [0.        +0.j 0.        +0.j 0.        +0.j 0.        +0.j]]
----
chosen index 0
c_left^dagger  (sub,spin,x,y,ind,wind,ind) 0 0 1 1 0 [4] [0]
c_right^dagger (sub,spin,x,y,ind,wind,ind) 0 1 3 2 30 [11] [30]
coeff_left  [[-0.80363371 -0.59512424  0.          0.        ]]
coeff_right [[ 0.          0.         -0.80363371 -0.59512424]]
ikx 1
iky 1
kx -1.5707963267948966
ky -0.7853981633974483
fk [[0.        +0.j 0.        +0.j 0.64582714+0.j 0.4782619 +0.j]
 [0.        +0.j 0.        +0.j 0.4782619 +0.j 0.35417286+0.j]
 [0.        +0.j 0.        +0.j 0.        +0.j 0.        +0.j]
 [0.        +0.j 0.        +0.j 0.        +0.j 0.        +0.j]]
----
chosen index 28
c_left^dagger  (sub,spin,x,y,ind,wind,ind) 0 0 3 2 28 [6] [28]
c_right^dagger (sub,spin,x,y,ind,wind,ind) 0 1 1 1 2 [5] [2]
coeff_left  [[-0.80363371 -0.59512424  0.          0.        ]]
coeff_right [[ 0.          0.         -0.80363371 -0.59512424]]
ikx 3
iky 2
kx 1.5707963267948966
ky 0.7853981633974483
fk [[0.        +0.j 0.        +0.j 0.64582714+0.j 0.4782619 +0.j]
 [0.        +0.j 0.        +0.j 0.4782619 +0.j 0.35417286+0.j]
 [0.        +0.j 0.        +0.j 0.        +0.j 0.        +0.j]
 [0.        +0.j 0.        +0.j 0.        +0.j 0.        +0.j]]
----
chosen index 4
c_left^dagger  (sub,spin,x,y,ind,wind,ind) 0 0 1 2 4 [7] [4]
c_right^dagger (sub,spin,x,y,ind,wind,ind) 0 1 3 1 26 [9] [26]
coeff_left  [[-0.80363371 -0.59512424  0.          0.        ]]
coeff_right [[ 0.          0.         -0.80363371 -0.59512424]]
ikx 1
iky 2
kx -1.5707963267948966
ky 0.7853981633974483
fk [[0.        +0.j 0.        +0.j 0.64582714+0.j 0.4782619 +0.j]
 [0.        +0.j 0.        +0.j 0.4782619 +0.j 0.35417286+0.j]
 [0.        +0.j 0.        +0.j 0.        +0.j 0.        +0.j]
 [0.        +0.j 0.        +0.j 0.        +0.j 0.        +0.j]]
----
chosen index 24
c_left^dagger  (sub,spin,x,y,ind,wind,ind) 0 0 3 1 24 [10] [24]
c_right^dagger (sub,spin,x,y,ind,wind,ind) 0 1 1 2 6 [8] [6]
coeff_left  [[-0.80363371 -0.59512424  0.          0.        ]]
coeff_right [[ 0.          0.         -0.80363371 -0.59512424]]
ikx 3
iky 1
kx 1.5707963267948966
ky -0.7853981633974483
fk [[0.        +0.j 0.        +0.j 0.64582714+0.j 0.4782619 +0.j]
 [0.        +0.j 0.        +0.j 0.4782619 +0.j 0.35417286+0.j]
 [0.        +0.j 0.        +0.j 0.        +0.j 0.        +0.j]
 [0.        +0.j 0.        +0.j 0.        +0.j 0.        +0.j]]
----
chosen index 20
c_left^dagger  (sub,spin,x,y,ind,wind,ind) 0 0 2 3 20 [12] [20]
c_right^dagger (sub,spin,x,y,ind,wind,ind) 0 1 2 0 10 [14] [10]
coeff_left  [[-0.7501009  -0.66132341  0.          0.        ]]
coeff_right [[ 0.          0.         -0.7501009  -0.66132341]]
ikx 2
iky 3
kx 0.0
ky 2.356194490192345
fk [[0.        +0.j 0.        +0.j 0.56265135+0.j 0.49605928+0.j]
 [0.        +0.j 0.        +0.j 0.49605928+0.j 0.43734865+0.j]
 [0.        +0.j 0.        +0.j 0.        +0.j 0.        +0.j]
 [0.        +0.j 0.        +0.j 0.        +0.j 0.        +0.j]]
----
chosen index 8
c_left^dagger  (sub,spin,x,y,ind,wind,ind) 0 0 2 0 8 [15] [8]
c_right^dagger (sub,spin,x,y,ind,wind,ind) 0 1 2 3 22 [13] [22]
coeff_left  [[-0.7501009  -0.66132341  0.          0.        ]]
coeff_right [[ 0.          0.         -0.7501009  -0.66132341]]
ikx 2
iky 0
kx 0.0
ky -2.356194490192345
fk [[0.        +0.j 0.        +0.j 0.56265135+0.j 0.49605928+0.j]
 [0.        +0.j 0.        +0.j 0.49605928+0.j 0.43734865+0.j]
 [0.        +0.j 0.        +0.j 0.        +0.j 0.        +0.j]
 [0.        +0.j 0.        +0.j 0.        +0.j 0.        +0.j]]
----

all nonzero fk (fk=0 out of RBZ)
## order: (c_k_up, c_k+Q_dn, c_k_dn, c_k+Q_up)
## ss:    (0,      1,        2,      3       )
0 2 [[0.        +0.j 0.        +0.j 0.        +0.j 0.        +0.j]
 [0.        +0.j 0.64582714+0.j 0.64582714+0.j 0.        +0.j]
 [0.56265135+0.j 0.79641087+0.j 0.79641087+0.j 0.56265135+0.j]
 [0.        +0.j 0.64582714+0.j 0.64582714+0.j 0.        +0.j]]
0 3 [[0.        +0.j 0.        +0.j 0.        +0.j 0.        +0.j]
 [0.        +0.j 0.4782619 +0.j 0.4782619 +0.j 0.        +0.j]
 [0.49605928+0.j 0.40266685+0.j 0.40266685+0.j 0.49605928+0.j]
 [0.        +0.j 0.4782619 +0.j 0.4782619 +0.j 0.        +0.j]]
1 2 [[0.        +0.j 0.        +0.j 0.        +0.j 0.        +0.j]
 [0.        +0.j 0.4782619 +0.j 0.4782619 +0.j 0.        +0.j]
 [0.49605928+0.j 0.40266685+0.j 0.40266685+0.j 0.49605928+0.j]
 [0.        +0.j 0.4782619 +0.j 0.4782619 +0.j 0.        +0.j]]
1 3 [[0.        +0.j 0.        +0.j 0.        +0.j 0.        +0.j]
 [0.        +0.j 0.35417286+0.j 0.35417286+0.j 0.        +0.j]
 [0.43734865+0.j 0.20358913+0.j 0.20358913+0.j 0.43734865+0.j]
 [0.        +0.j 0.35417286+0.j 0.35417286+0.j 0.        +0.j]]

all nonzero fiyixjyjx (without sign)
----
(ud_ij-du_ji)/2
0 0 0 0 (0.6507165006685903+0j) 0
0 0 0 1 (0.9999999999999998+0j) 1
0 0 0 2 (0.06740795160536484+8.25482058340814e-18j) 2
0 0 0 3 (0.9999999999999997+1.1102230246251565e-16j) 3
0 0 1 0 (0.7071067811865477+0j) 4
0 0 1 1 (0.16529294142085763+1.6653345369377348e-16j) 5
0 0 1 2 (-0.7071067811865474-1.942890293094024e-16j) 6
0 0 1 3 (0.1652929414208576-2.7755575615628914e-17j) 7
0 0 2 0 (2.449892899559669e-17+0j) 8
0 0 2 1 -4.948745865042722e-18j 9
0 0 2 2 (3.402889229251259e-16+0j) 10
0 0 2 3 (1.6653345369377348e-16+4.9487458650427036e-18j) 11
0 0 3 0 (-0.7071067811865472-2.636779683484747e-16j) 12
0 0 3 1 (-0.16529294142085788-8.326672684688674e-17j) 13
0 0 3 2 (0.7071067811865472+1.8041124150158794e-16j) 14
0 0 3 3 (-0.16529294142085776-2.914335439641036e-16j) 15
0 1 0 0 (0.9999999999999998+0j) 19
0 1 0 1 (0.6507165006685903+0j) 16
0 1 0 2 (0.9999999999999998+0j) 17
0 1 0 3 (0.06740795160536484+8.25482058340814e-18j) 18
0 1 1 0 (0.16529294142085782-1.3877787807814457e-17j) 23
0 1 1 1 (0.7071067811865477-1.3877787807814457e-17j) 20
0 1 1 2 (0.16529294142085774-5.551115123125783e-17j) 21
0 1 1 3 (-0.7071067811865476-1.6653345369377348e-16j) 22
0 1 2 0 (-1.1102230246251565e-16+4.9487458650427344e-18j) 27
0 1 2 1 (2.449892899559669e-17+0j) 24
0 1 2 2 (-1.942890293094024e-16-1.6223309262700546e-16j) 25
0 1 2 3 (-1.3856644157141514e-16+0j) 26
0 1 3 0 (-0.16529294142085765+6.938893903907228e-17j) 31
0 1 3 1 (-0.7071067811865475-2.3592239273284576e-16j) 28
0 1 3 2 (-0.16529294142085782-1.6653345369377348e-16j) 29
0 1 3 3 (0.7071067811865475+1.8041124150158794e-16j) 30
0 2 0 0 (0.06740795160536484-8.25482058340814e-18j) 2
0 2 0 1 (0.9999999999999998+0j) 3
0 2 0 2 (0.6507165006685903+0j) 0
0 2 0 3 (0.9999999999999998+0j) 1
0 2 1 0 (-0.7071067811865475+5.551115123125783e-17j) 6
0 2 1 1 (0.16529294142085776-1.3877787807814457e-17j) 7
0 2 1 2 (0.7071067811865475-5.551115123125783e-17j) 4
0 2 1 3 (0.1652929414208577+4.163336342344337e-17j) 5
0 2 2 0 (-1.1217238775490171e-17+0j) 10
0 2 2 1 (-1.1102230246251565e-16+4.9487458650427344e-18j) 11
0 2 2 2 (6.143639717228734e-17+0j) 8
0 2 2 3 (2.7755575615628914e-16-4.948745865042722e-18j) 9
0 2 3 0 (0.7071067811865475+4.163336342344337e-17j) 14
0 2 3 1 (-0.16529294142085763+1.3877787807814457e-16j) 15
0 2 3 2 (-0.7071067811865471-6.938893903907228e-17j) 12
0 2 3 3 (-0.1652929414208575+1.8041124150158794e-16j) 13
0 3 0 0 (0.9999999999999997-1.1102230246251565e-16j) 17
0 3 0 1 (0.06740795160536484-8.25482058340814e-18j) 18
0 3 0 2 (0.9999999999999998+0j) 19
0 3 0 3 (0.6507165006685903+0j) 16
0 3 1 0 (0.16529294142085754+0j) 21
0 3 1 1 (-0.7071067811865475-9.71445146547012e-17j) 22
0 3 1 2 (0.16529294142085782+1.3877787807814457e-16j) 23
0 3 1 3 (0.7071067811865479+9.71445146547012e-17j) 20
0 3 2 0 -4.948745865042747e-18j 25
0 3 2 1 (-1.1217238775490171e-17+0j) 26
0 3 2 2 (-3.0531133177191805e-16+1.6223309262700546e-16j) 27
0 3 2 3 (-2.60134620562291e-16+0j) 24
0 3 3 0 (-0.16529294142085765+1.1102230246251565e-16j) 29
0 3 3 1 (0.7071067811865477+6.938893903907228e-17j) 30
0 3 3 2 (-0.16529294142085765-4.163336342344337e-17j) 31
0 3 3 3 (-0.7071067811865474-2.636779683484747e-16j) 28
1 0 0 0 (0.7071067811865477+0j) 28
1 0 0 1 (0.16529294142085782+1.3877787807814457e-17j) 29
1 0 0 2 (-0.7071067811865475-5.551115123125783e-17j) 30
1 0 0 3 (0.16529294142085754+0j) 31
1 0 1 0 (0.6507165006685903+0j) 16
1 0 1 1 (0.9999999999999998+1.1102230246251565e-16j) 17
1 0 1 2 (0.06740795160536484-8.885608688591854e-17j) 18
1 0 1 3 (0.9999999999999998+1.1102230246251565e-16j) 19
1 0 2 0 (0.7071067811865477+0j) 20
1 0 2 1 (0.16529294142085763+1.6653345369377348e-16j) 21
1 0 2 2 (-0.7071067811865476-4.163336342344337e-16j) 22
1 0 2 3 (0.16529294142085776-4.163336342344337e-16j) 23
1 0 3 0 (-3.7221310001463665e-16+0j) 24
1 0 3 1 (3.191891195797325e-16-8.821547271192946e-17j) 25
1 0 3 2 (6.712178324493074e-17+0j) 26
1 0 3 3 (4.579669976578771e-16+3.195174393889682e-16j) 27
1 1 0 0 (0.16529294142085763-1.6653345369377348e-16j) 15
1 1 0 1 (0.7071067811865477+1.3877787807814457e-17j) 12
1 1 0 2 (0.16529294142085776+1.3877787807814457e-17j) 13
1 1 0 3 (-0.7071067811865475+9.71445146547012e-17j) 14
1 1 1 0 (0.9999999999999998-1.1102230246251565e-16j) 3
1 1 1 1 (0.6507165006685903+0j) 0
1 1 1 2 (0.9999999999999997+2.7755575615628914e-17j) 1
1 1 1 3 (0.06740795160536484+1.8400790143371623e-16j) 2
1 1 2 0 (0.16529294142085785-2.7755575615628914e-17j) 7
1 1 2 1 (0.7071067811865475+1.3877787807814457e-17j) 4
1 1 2 2 (0.16529294142085763+1.6653345369377348e-16j) 5
1 1 2 3 (-0.7071067811865475+1.942890293094024e-16j) 6
1 1 3 0 (1.249000902703301e-16-6.444019317402956e-17j) 11
1 1 3 1 (-2.4208100419346945e-17+0j) 8
1 1 3 2 (4.163336342344337e-16+6.444019317402956e-17j) 9
1 1 3 3 (-7.19299950564883e-16+0j) 10
1 2 0 0 (-0.7071067811865474+1.942890293094024e-16j) 30
1 2 0 1 (0.16529294142085774+5.551115123125783e-17j) 31
1 2 0 2 (0.7071067811865475+5.551115123125783e-17j) 28
1 2 0 3 (0.16529294142085782-1.3877787807814457e-16j) 29
1 2 1 0 (0.06740795160536484+8.885608688591854e-17j) 18
1 2 1 1 (0.9999999999999997-2.7755575615628914e-17j) 19
1 2 1 2 (0.6507165006685903+0j) 16
1 2 1 3 (0.9999999999999997-8.326672684688674e-17j) 17
1 2 2 0 (-0.7071067811865476+9.71445146547012e-17j) 22
1 2 2 1 (0.16529294142085782-1.942890293094024e-16j) 23
1 2 2 2 (0.7071067811865479+5.551115123125783e-17j) 20
1 2 2 3 (0.16529294142085782-1.5265566588595902e-16j) 21
1 2 3 0 (-2.648796211906953e-17+0j) 26
1 2 3 1 (2.636779683484747e-16+4.9487458650427344e-18j) 27
1 2 3 2 (-9.195103029367404e-16+0j) 24
1 2 3 3 (4.718447854656915e-16-4.027841662358549e-16j) 25
1 3 0 0 (0.1652929414208576+2.7755575615628914e-17j) 13
1 3 0 1 (-0.7071067811865476+1.6653345369377348e-16j) 14
1 3 0 2 (0.1652929414208577-4.163336342344337e-17j) 15
1 3 0 3 (0.7071067811865479-9.71445146547012e-17j) 12
1 3 1 0 (0.9999999999999998-1.1102230246251565e-16j) 1
1 3 1 1 (0.06740795160536484-1.8400790143371623e-16j) 2
1 3 1 2 (0.9999999999999997+8.326672684688674e-17j) 3
1 3 1 3 (0.6507165006685903+0j) 0
1 3 2 0 (0.16529294142085765-1.1102230246251565e-16j) 5
1 3 2 1 (-0.7071067811865474+1.249000902703301e-16j) 6
1 3 2 2 (0.16529294142085793+6.938893903907228e-17j) 7
1 3 2 3 (0.7071067811865472+1.942890293094024e-16j) 4
1 3 3 0 (4.163336342344337e-16-4.948745865042747e-18j) 9
1 3 3 1 (-8.765842973268458e-16+0j) 10
1 3 3 2 (4.579669976578771e-16-6.444019317402956e-17j) 11
1 3 3 3 (-3.0884164997723456e-16+0j) 8
2 0 0 0 (2.449892899559669e-17+0j) 8
2 0 0 1 (-1.1102230246251565e-16-4.9487458650427344e-18j) 9
2 0 0 2 (-1.1217238775490171e-17+0j) 10
2 0 0 3 4.948745865042747e-18j 11
2 0 1 0 (0.7071067811865477+0j) 12
2 0 1 1 (0.16529294142085785+2.7755575615628914e-17j) 13
2 0 1 2 (-0.7071067811865476-9.71445146547012e-17j) 14
2 0 1 3 (0.16529294142085765+1.1102230246251565e-16j) 15
2 0 2 0 (0.6507165006685903+0j) 0
2 0 2 1 (0.9999999999999998+0j) 1
2 0 2 2 (0.06740795160536484-2.86826475932825e-17j) 2
2 0 2 3 (0.9999999999999997+0j) 3
2 0 3 0 (0.7071067811865477+2.3592239273284576e-16j) 4
2 0 3 1 (0.16529294142085785-1.3877787807814457e-16j) 5
2 0 3 2 (-0.7071067811865477-9.71445146547012e-17j) 6
2 0 3 3 (0.165292941420858-3.885780586188048e-16j) 7
2 1 0 0 4.948745865042722e-18j 27
2 1 0 1 (2.449892899559669e-17+0j) 24
2 1 0 2 (-1.1102230246251565e-16-4.9487458650427344e-18j) 25
2 1 0 3 (-1.1217238775490171e-17+0j) 26
2 1 1 0 (0.16529294142085763-1.6653345369377348e-16j) 31
2 1 1 1 (0.7071067811865475-1.3877787807814457e-17j) 28
2 1 1 2 (0.16529294142085782+1.942890293094024e-16j) 29
2 1 1 3 (-0.7071067811865474-1.249000902703301e-16j) 30
2 1 2 0 (0.9999999999999998+0j) 19
2 1 2 1 (0.6507165006685903+0j) 16
2 1 2 2 (0.9999999999999999+1.942890293094024e-16j) 17
2 1 2 3 (0.06740795160536484+1.1206490090282722e-16j) 18
2 1 3 0 (0.16529294142085782-1.249000902703301e-16j) 23
2 1 3 1 (0.7071067811865475+2.0816681711721685e-16j) 20
2 1 3 2 (0.1652929414208578+1.3877787807814457e-17j) 21
2 1 3 3 (-0.7071067811865475-3.608224830031759e-16j) 22
2 2 0 0 (3.402889229251259e-16+0j) 10
2 2 0 1 (-1.942890293094024e-16+1.6223309262700546e-16j) 11
2 2 0 2 (6.143639717228734e-17+0j) 8
2 2 0 3 (-3.0531133177191805e-16-1.6223309262700546e-16j) 9
2 2 1 0 (-0.7071067811865476+4.163336342344337e-16j) 14
2 2 1 1 (0.16529294142085763-1.6653345369377348e-16j) 15
2 2 1 2 (0.7071067811865479-5.551115123125783e-17j) 12
2 2 1 3 (0.16529294142085793-6.938893903907228e-17j) 13
2 2 2 0 (0.06740795160536484+2.86826475932825e-17j) 2
2 2 2 1 (0.9999999999999999-1.942890293094024e-16j) 3
2 2 2 2 (0.6507165006685903+0j) 0
2 2 2 3 (0.9999999999999996-3.0531133177191805e-16j) 1
2 2 3 0 (-0.7071067811865477+2.914335439641036e-16j) 6
2 2 3 1 (0.1652929414208577+4.163336342344337e-17j) 7
2 2 3 2 (0.7071067811865475+5.551115123125783e-17j) 4
2 2 3 3 (0.1652929414208578+2.7755575615628914e-17j) 5
2 3 0 0 (1.6653345369377348e-16-4.9487458650427036e-18j) 25
2 3 0 1 (-1.3856644157141514e-16+0j) 26
2 3 0 2 (2.7755575615628914e-16+4.948745865042722e-18j) 27
2 3 0 3 (-2.60134620562291e-16+0j) 24
2 3 1 0 (0.16529294142085776+4.163336342344337e-16j) 29
2 3 1 1 (-0.7071067811865475-1.942890293094024e-16j) 30
2 3 1 2 (0.16529294142085782+1.5265566588595902e-16j) 31
2 3 1 3 (0.7071067811865472-1.942890293094024e-16j) 28
2 3 2 0 (0.9999999999999997+0j) 17
2 3 2 1 (0.06740795160536484-1.1206490090282722e-16j) 18
2 3 2 2 (0.9999999999999996+3.0531133177191805e-16j) 19
2 3 2 3 (0.6507165006685903+0j) 16
2 3 3 0 (0.1652929414208576+5.551115123125783e-17j) 21
2 3 3 1 (-0.7071067811865472-1.8041124150158794e-16j) 22
2 3 3 2 (0.16529294142085782+1.6653345369377348e-16j) 23
2 3 3 3 (0.7071067811865476+5.551115123125783e-17j) 20
3 0 0 0 (-0.7071067811865472+2.636779683484747e-16j) 20
3 0 0 1 (-0.16529294142085765-6.938893903907228e-17j) 21
3 0 0 2 (0.7071067811865475-4.163336342344337e-17j) 22
3 0 0 3 (-0.16529294142085765-1.1102230246251565e-16j) 23
3 0 1 0 (-3.7221310001463665e-16+0j) 24
3 0 1 1 (1.249000902703301e-16+6.444019317402956e-17j) 25
3 0 1 2 (-2.648796211906953e-17+0j) 26
3 0 1 3 (4.163336342344337e-16+4.948745865042747e-18j) 27
3 0 2 0 (0.7071067811865477-2.3592239273284576e-16j) 28
3 0 2 1 (0.16529294142085782+1.249000902703301e-16j) 29
3 0 2 2 (-0.7071067811865477-2.914335439641036e-16j) 30
3 0 2 3 (0.1652929414208576-5.551115123125783e-17j) 31
3 0 3 0 (0.6507165006685903+0j) 16
3 0 3 1 (0.9999999999999996-2.7755575615628914e-17j) 17
3 0 3 2 (0.06740795160536484-1.2229239295728275e-16j) 18
3 0 3 3 (0.9999999999999992+1.1102230246251565e-16j) 19
3 1 0 0 (-0.16529294142085788+8.326672684688674e-17j) 7
3 1 0 1 (-0.7071067811865475+2.3592239273284576e-16j) 4
3 1 0 2 (-0.16529294142085763-1.3877787807814457e-16j) 5
3 1 0 3 (0.7071067811865477-6.938893903907228e-17j) 6
3 1 1 0 (3.191891195797325e-16+8.821547271192946e-17j) 11
3 1 1 1 (-2.4208100419346945e-17+0j) 8
3 1 1 2 (2.636779683484747e-16-4.9487458650427344e-18j) 9
3 1 1 3 (-8.765842973268458e-16+0j) 10
3 1 2 0 (0.16529294142085785+1.3877787807814457e-16j) 15
3 1 2 1 (0.7071067811865475-2.0816681711721685e-16j) 12
3 1 2 2 (0.1652929414208577-4.163336342344337e-17j) 13
3 1 2 3 (-0.7071067811865472+1.8041124150158794e-16j) 14
3 1 3 0 (0.9999999999999996+2.7755575615628914e-17j) 3
3 1 3 1 (0.6507165006685903+0j) 0
3 1 3 2 (0.9999999999999999+1.1102230246251565e-16j) 1
3 1 3 3 (0.06740795160536484+6.84282598760441e-17j) 2
3 2 0 0 (0.7071067811865472-1.8041124150158794e-16j) 22
3 2 0 1 (-0.16529294142085782+1.6653345369377348e-16j) 23
3 2 0 2 (-0.7071067811865471+6.938893903907228e-17j) 20
3 2 0 3 (-0.16529294142085765+4.163336342344337e-17j) 21
3 2 1 0 (6.712178324493074e-17+0j) 26
3 2 1 1 (4.163336342344337e-16-6.444019317402956e-17j) 27
3 2 1 2 (-9.195103029367404e-16+0j) 24
3 2 1 3 (4.579669976578771e-16+6.444019317402956e-17j) 25
3 2 2 0 (-0.7071067811865477+9.71445146547012e-17j) 30
3 2 2 1 (0.1652929414208578-1.3877787807814457e-17j) 31
3 2 2 2 (0.7071067811865475-5.551115123125783e-17j) 28
3 2 2 3 (0.16529294142085782-1.6653345369377348e-16j) 29
3 2 3 0 (0.06740795160536484+1.2229239295728275e-16j) 18
3 2 3 1 (0.9999999999999999-1.1102230246251565e-16j) 19
3 2 3 2 (0.6507165006685903+0j) 16
3 2 3 3 (1+0j) 17
3 3 0 0 (-0.16529294142085776+2.914335439641036e-16j) 5
3 3 0 1 (0.7071067811865475-1.8041124150158794e-16j) 6
3 3 0 2 (-0.1652929414208575-1.8041124150158794e-16j) 7
3 3 0 3 (-0.7071067811865474+2.636779683484747e-16j) 4
3 3 1 0 (4.579669976578771e-16-3.195174393889682e-16j) 9
3 3 1 1 (-7.19299950564883e-16+0j) 10
3 3 1 2 (4.718447854656915e-16+4.027841662358549e-16j) 11
3 3 1 3 (-3.0884164997723456e-16+0j) 8
3 3 2 0 (0.165292941420858+3.885780586188048e-16j) 13
3 3 2 1 (-0.7071067811865475+3.608224830031759e-16j) 14
3 3 2 2 (0.1652929414208578-2.7755575615628914e-17j) 15
3 3 2 3 (0.7071067811865476-5.551115123125783e-17j) 12
3 3 3 0 (0.9999999999999992-1.1102230246251565e-16j) 1
3 3 3 1 (0.06740795160536484-6.84282598760441e-17j) 2
3 3 3 2 (1+0j) 3
3 3 3 3 (0.6507165006685903+0j) 0
----
(uu_ij-uu_ji)/2
0 0 0 0 0j -3200
0 0 0 1 (-0.8987261315986819+5.551115123125783e-17j) 32
0 0 0 2 7.077939463677146e-18j 33
0 0 0 3 (-0.8987261315986818+1.6653345369377348e-16j) 34
0 0 1 0 (-0.6103260493754423+0j) 35
0 0 1 1 (1.249000902703301e-16+1.3877787807814457e-16j) 36
0 0 1 2 (0.7424028844079958-2.0816681711721685e-16j) 37
0 0 1 3 (1.249000902703301e-16-9.71445146547012e-17j) 38
0 0 2 0 (1.232595164407831e-32+2.7755575615628914e-17j) 39
0 0 2 1 (2.7755575615628914e-17+3.0814879110195774e-33j) 40
0 0 2 2 (-4.3268552284944635e-16-2.7755575615628914e-17j) 41
0 0 2 3 (-3.0531133177191805e-16+6.162975822039155e-33j) 42
0 0 3 0 (0.6103260493754419-4.163336342344337e-16j) 43
0 0 3 1 (2.0816681711721685e-16-9.71445146547012e-17j) 44
0 0 3 2 (-0.7424028844079957+2.0816681711721685e-16j) 45
0 0 3 3 (2.7755575615628914e-16-3.191891195797325e-16j) 46
0 1 0 0 (0.8987261315986819-5.551115123125783e-17j) -3200
0 1 0 1 0j -3200
0 1 0 2 (0.898726131598682-1.6653345369377348e-16j) 47
0 1 0 3 -7.077939463677137e-18j 48
0 1 1 0 4.163336342344337e-17j 49
0 1 1 1 (0.6103260493754424-9.71445146547012e-17j) 50
0 1 1 2 (1.1102230246251565e-16+9.71445146547012e-17j) 51
0 1 1 3 (-0.742402884407996+2.3592239273284576e-16j) 52
0 1 2 0 (-8.326672684688674e-17-3.0814879110195774e-33j) 53
0 1 2 1 (-2.0029671421627253e-32-2.7755575615628914e-17j) 54
0 1 2 2 (-2.498001805406602e-16+2.1239094975767202e-16j) 55
0 1 2 3 (-8.23896477168606e-16+2.7755575615628914e-17j) 56
0 1 3 0 2.7755575615628914e-17j 57
0 1 3 1 (-0.6103260493754423+4.996003610813204e-16j) 58
0 1 3 2 (2.220446049250313e-16-2.0816681711721685e-16j) 59
0 1 3 3 (0.742402884407996-7.494005416219807e-16j) 60
0 2 0 0 -7.077939463677146e-18j -3200
0 2 0 1 (-0.898726131598682+1.6653345369377348e-16j) -3200
0 2 0 2 0j -3200
0 2 0 3 (-0.898726131598682+2.7755575615628914e-16j) 32
0 2 1 0 (0.7424028844079957-1.942890293094024e-16j) 37
0 2 1 1 (-6.938893903907228e-17-1.249000902703301e-16j) 38
0 2 1 2 (-0.6103260493754419+0j) 35
0 2 1 3 (-6.938893903907228e-17-6.938893903907228e-17j) 36
0 2 2 0 (-1.232595164407831e-32-2.7755575615628914e-17j) 41
0 2 2 1 (8.326672684688674e-17+0j) 42
0 2 2 2 (-7.903623334102378e-18+2.7755575615628914e-17j) 39
0 2 2 3 (-3.608224830031759e-16+3.0814879110195774e-33j) 40
0 2 3 0 (-0.7424028844079957+1.1102230246251565e-16j) 45
0 2 3 1 (1.3877787807814457e-17+4.163336342344337e-17j) 46
0 2 3 2 (0.6103260493754417-5.828670879282072e-16j) 43
0 2 3 3 (-4.0245584642661925e-16+1.6653345369377348e-16j) 44
0 3 0 0 (0.8987261315986818-1.6653345369377348e-16j) -3200
0 3 0 1 7.077939463677137e-18j -3200
0 3 0 2 (0.898726131598682-2.7755575615628914e-16j) -3200
0 3 0 3 0j -3200
0 3 1 0 (4.163336342344337e-17+2.7755575615628914e-17j) 51
0 3 1 1 (-0.7424028844079956+4.579669976578771e-16j) 52
0 3 1 2 (-5.551115123125783e-17-2.3592239273284576e-16j) 49
0 3 1 3 (0.6103260493754421-3.191891195797325e-16j) 50
0 3 2 0 (-2.7755575615628914e-17-9.244463733058732e-33j) 55
0 3 2 1 (2.465190328815662e-32+2.7755575615628914e-17j) 56
0 3 2 2 (-3.0531133177191805e-16-2.1239094975767198e-16j) 53
0 3 2 3 (-8.23896477168606e-16-2.7755575615628914e-17j) 54
0 3 3 0 (9.71445146547012e-17-9.71445146547012e-17j) 59
0 3 3 1 (0.742402884407996-3.469446951953614e-16j) 60
0 3 3 2 (2.0816681711721685e-16-3.191891195797325e-16j) 57
0 3 3 3 (-0.6103260493754415+6.245004513516506e-16j) 58
1 0 0 0 (0.6103260493754423+0j) -3200
1 0 0 1 -4.163336342344337e-17j -3200
1 0 0 2 (-0.7424028844079957+1.942890293094024e-16j) -3200
1 0 0 3 (-4.163336342344337e-17-2.7755575615628914e-17j) -3200
1 0 1 0 0j -3200
1 0 1 1 (0.8987261315986821-2.7755575615628914e-16j) 47
1 0 1 2 -7.077939463677137e-18j 48
1 0 1 3 (0.8987261315986819-2.7755575615628914e-16j) 47
1 0 2 0 (0.6103260493754423-1.3877787807814457e-17j) 50
1 0 2 1 (1.249000902703301e-16-2.220446049250313e-16j) 51
1 0 2 2 (-0.7424028844079958+5.273559366969494e-16j) 52
1 0 2 3 (-2.7755575615628914e-17+5.134781488891349e-16j) 49
1 0 3 0 (-8.23896477168606e-16-2.7755575615628914e-17j) 54
1 0 3 1 (5.412337245047638e-16+9.244463733058732e-33j) 55
1 0 3 2 (5.1334643724163896e-17+2.7755575615628914e-17j) 56
1 0 3 3 (7.077671781985373e-16-4.2478189951534395e-16j) 53
1 1 0 0 (-1.249000902703301e-16-1.3877787807814457e-16j) -3200
1 1 0 1 (-0.6103260493754424+9.71445146547012e-17j) -3200
1 1 0 2 (6.938893903907228e-17+1.249000902703301e-16j) -3200
1 1 0 3 (0.7424028844079956-4.579669976578771e-16j) -3200
1 1 1 0 (-0.8987261315986821+2.7755575615628914e-16j) -3200
1 1 1 1 0j -3200
1 1 1 2 (-0.8987261315986819+3.885780586188048e-16j) 32
1 1 1 3 1.1029751130728347e-17j 33
1 1 2 0 (-1.3877787807814457e-17-4.163336342344337e-17j) 38
1 1 2 1 (-0.6103260493754419+0j) 35
1 1 2 2 (6.938893903907228e-17-2.0816681711721685e-16j) 36
1 1 2 3 (0.7424028844079953+0j) 37
1 1 3 0 (-4.163336342344337e-16+1.06195474878836e-16j) 42
1 1 3 1 (1.4920087103235444e-16+2.7755575615628914e-17j) 39
1 1 3 2 (-8.743006318923108e-16-1.06195474878836e-16j) 40
1 1 3 3 (1.0066682933971446e-15-2.7755575615628914e-17j) 41
1 2 0 0 (-0.7424028844079958+2.0816681711721685e-16j) -3200
1 2 0 1 (-1.1102230246251565e-16-9.71445146547012e-17j) -3200
1 2 0 2 (0.6103260493754419+0j) -3200
1 2 0 3 (5.551115123125783e-17+2.3592239273284576e-16j) -3200
1 2 1 0 7.077939463677137e-18j -3200
1 2 1 1 (0.8987261315986819-3.885780586188048e-16j) -3200
1 2 1 2 0j -3200
1 2 1 3 (0.8987261315986816-3.885780586188048e-16j) 47
1 2 2 0 (-0.7424028844079957+4.440892098500626e-16j) 52
1 2 2 1 (1.942890293094024e-16+8.326672684688674e-17j) 49
1 2 2 2 (0.6103260493754423-4.3021142204224816e-16j) 50
1 2 2 3 (1.3877787807814457e-16+6.800116025829084e-16j) 51
1 2 3 0 (-1.2693275914397934e-16+2.7755575615628914e-17j) 56
1 2 3 1 (8.604228440844963e-16+0j) 53
1 2 3 2 (-9.508292363125851e-16-2.7755575615628914e-17j) 54
1 2 3 3 (1.1379786002407855e-15+3.1858642463650805e-16j) 55
1 3 0 0 (-1.249000902703301e-16+9.71445146547012e-17j) -3200
1 3 0 1 (0.742402884407996-2.3592239273284576e-16j) -3200
1 3 0 2 (6.938893903907228e-17+6.938893903907228e-17j) -3200
1 3 0 3 (-0.6103260493754421+3.191891195797325e-16j) -3200
1 3 1 0 (-0.8987261315986819+2.7755575615628914e-16j) -3200
1 3 1 1 -1.1029751130728347e-17j -3200
1 3 1 2 (-0.8987261315986816+3.885780586188048e-16j) -3200
1 3 1 3 0j -3200
1 3 2 0 (-3.191891195797325e-16-2.220446049250313e-16j) 36
1 3 2 1 (0.7424028844079955-4.0245584642661925e-16j) 37
1 3 2 2 (2.3592239273284576e-16+8.326672684688674e-17j) 38
1 3 2 3 (-0.6103260493754417+9.159339953157541e-16j) 35
1 3 3 0 (-1.0408340855860843e-15+4.826827583679654e-18j) 40
1 3 3 1 (-3.2253823630355925e-16-2.7755575615628914e-17j) 41
1 3 3 2 (-1.3877787807814457e-15+0j) 42
1 3 3 3 (3.225382363035593e-16+2.7755575615628914e-17j) 39
2 0 0 0 (-1.232595164407831e-32-2.7755575615628914e-17j) -3200
2 0 0 1 (8.326672684688674e-17+3.0814879110195774e-33j) -3200
2 0 0 2 (1.232595164407831e-32+2.7755575615628914e-17j) -3200
2 0 0 3 (2.7755575615628914e-17+9.244463733058732e-33j) -3200
2 0 1 0 (-0.6103260493754423+1.3877787807814457e-17j) -3200
2 0 1 1 (1.3877787807814457e-17+4.163336342344337e-17j) -3200
2 0 1 2 (0.7424028844079957-4.440892098500626e-16j) -3200
2 0 1 3 (3.191891195797325e-16+2.220446049250313e-16j) -3200
2 0 2 0 0j -3200
2 0 2 1 (-0.898726131598682+2.7755575615628914e-16j) 32
2 0 2 2 -8.256838704252563e-19j 33
2 0 2 3 (-0.8987261315986821+3.608224830031759e-16j) 34
2 0 3 0 (-0.6103260493754423+6.245004513516506e-16j) 35
2 0 3 1 (-1.5265566588595902e-16-3.7470027081099033e-16j) 36
2 0 3 2 (0.7424028844079966-3.3306690738754696e-16j) 37
2 0 3 3 (1.249000902703301e-16-5.134781488891349e-16j) 38
2 1 0 0 (-2.7755575615628914e-17-3.0814879110195774e-33j) -3200
2 1 0 1 (2.0029671421627253e-32+2.7755575615628914e-17j) -3200
2 1 0 2 (-8.326672684688674e-17+0j) -3200
2 1 0 3 (-2.465190328815662e-32-2.7755575615628914e-17j) -3200
2 1 1 0 (-1.249000902703301e-16+2.220446049250313e-16j) -3200
2 1 1 1 (0.6103260493754419+0j) -3200
2 1 1 2 (-1.942890293094024e-16-8.326672684688674e-17j) -3200
2 1 1 3 (-0.7424028844079955+4.0245584642661925e-16j) -3200
2 1 2 0 (0.898726131598682-2.7755575615628914e-16j) -3200
2 1 2 1 0j -3200
2 1 2 2 (0.8987261315986821-6.106226635438361e-16j) 47
2 1 2 3 -4.855250799396391e-17j 48
2 1 3 0 (2.7755575615628914e-17+3.0531133177191805e-16j) 49
2 1 3 1 (0.6103260493754419-4.579669976578771e-16j) 50
2 1 3 2 (1.6653345369377348e-16+1.6653345369377348e-16j) 51
2 1 3 3 (-0.7424028844079953+8.187894806610529e-16j) 52
2 2 0 0 (4.3268552284944635e-16+2.7755575615628914e-17j) -3200
2 2 0 1 (2.498001805406602e-16-2.1239094975767202e-16j) -3200
2 2 0 2 (7.903623334102378e-18-2.7755575615628914e-17j) -3200
2 2 0 3 (3.0531133177191805e-16+2.1239094975767198e-16j) -3200
2 2 1 0 (0.7424028844079958-5.273559366969494e-16j) -3200
2 2 1 1 (-6.938893903907228e-17+2.0816681711721685e-16j) -3200
2 2 1 2 (-0.6103260493754423+4.3021142204224816e-16j) -3200
2 2 1 3 (-2.3592239273284576e-16-8.326672684688674e-17j) -3200
2 2 2 0 8.256838704252563e-19j -3200
2 2 2 1 (-0.8987261315986821+6.106226635438361e-16j) -3200
2 2 2 2 0j -3200
2 2 2 3 (-0.8987261315986821+6.938893903907228e-16j) 32
2 2 3 0 (0.742402884407996-6.661338147750939e-16j) 37
2 2 3 1 (2.3592239273284576e-16-1.3877787807814457e-17j) 38
2 2 3 2 (-0.6103260493754413-1.942890293094024e-16j) 35
2 2 3 3 (1.7069679003611782e-15-6.106226635438361e-16j) 36
2 3 0 0 (3.0531133177191805e-16-6.162975822039155e-33j) -3200
2 3 0 1 (8.23896477168606e-16-2.7755575615628914e-17j) -3200
2 3 0 2 (3.608224830031759e-16-3.0814879110195774e-33j) -3200
2 3 0 3 (8.23896477168606e-16+2.7755575615628914e-17j) -3200
2 3 1 0 (2.7755575615628914e-17-5.134781488891349e-16j) -3200
2 3 1 1 (-0.7424028844079953+0j) -3200
2 3 1 2 (-1.3877787807814457e-16-6.800116025829084e-16j) -3200
2 3 1 3 (0.6103260493754417-9.159339953157541e-16j) -3200
2 3 2 0 (0.8987261315986821-3.608224830031759e-16j) -3200
2 3 2 1 4.855250799396391e-17j -3200
2 3 2 2 (0.8987261315986821-6.938893903907228e-16j) -3200
2 3 2 3 0j -3200
2 3 3 0 2.7755575615628914e-16j 51
2 3 3 1 (-0.7424028844079951+2.7755575615628914e-16j) 52
2 3 3 2 (3.608224830031759e-16+8.326672684688674e-17j) 49
2 3 3 3 (0.6103260493754425-7.216449660063518e-16j) 50
3 0 0 0 (-0.6103260493754419+4.163336342344337e-16j) -3200
3 0 0 1 -2.7755575615628914e-17j -3200
3 0 0 2 (0.7424028844079957-1.1102230246251565e-16j) -3200
3 0 0 3 (-9.71445146547012e-17+9.71445146547012e-17j) -3200
3 0 1 0 (8.23896477168606e-16+2.7755575615628914e-17j) -3200
3 0 1 1 (4.163336342344337e-16-1.06195474878836e-16j) -3200
3 0 1 2 (1.2693275914397934e-16-2.7755575615628914e-17j) -3200
3 0 1 3 (1.0408340855860843e-15-4.826827583679654e-18j) -3200
3 0 2 0 (0.6103260493754423-6.245004513516506e-16j) -3200
3 0 2 1 (-2.7755575615628914e-17-3.0531133177191805e-16j) -3200
3 0 2 2 (-0.742402884407996+6.661338147750939e-16j) -3200
3 0 2 3 -2.7755575615628914e-16j -3200
3 0 3 0 0j -3200
3 0 3 1 (0.8987261315986816-3.885780586188048e-16j) 47
3 0 3 2 9.911753541515883e-17j 48
3 0 3 3 (0.8987261315986811-4.996003610813204e-16j) 47
3 1 0 0 (-2.0816681711721685e-16+9.71445146547012e-17j) -3200
3 1 0 1 (0.6103260493754423-4.996003610813204e-16j) -3200
3 1 0 2 (-1.3877787807814457e-17-4.163336342344337e-17j) -3200
3 1 0 3 (-0.742402884407996+3.469446951953614e-16j) -3200
3 1 1 0 (-5.412337245047638e-16-9.244463733058732e-33j) -3200
3 1 1 1 (-1.4920087103235444e-16-2.7755575615628914e-17j) -3200
3 1 1 2 (-8.604228440844963e-16+0j) -3200
3 1 1 3 (3.2253823630355925e-16+2.7755575615628914e-17j) -3200
3 1 2 0 (1.5265566588595902e-16+3.7470027081099033e-16j) -3200
3 1 2 1 (-0.6103260493754419+4.579669976578771e-16j) -3200
3 1 2 2 (-2.3592239273284576e-16+1.3877787807814457e-17j) -3200
3 1 2 3 (0.7424028844079951-2.7755575615628914e-16j) -3200
3 1 3 0 (-0.8987261315986816+3.885780586188048e-16j) -3200
3 1 3 1 0j -3200
3 1 3 2 (-0.8987261315986823+4.996003610813204e-16j) 32
3 1 3 3 4.3185983897902117e-16j 33
3 2 0 0 (0.7424028844079957-2.0816681711721685e-16j) -3200
3 2 0 1 (-2.220446049250313e-16+2.0816681711721685e-16j) -3200
3 2 0 2 (-0.6103260493754417+5.828670879282072e-16j) -3200
3 2 0 3 (-2.0816681711721685e-16+3.191891195797325e-16j) -3200
3 2 1 0 (-5.1334643724163896e-17-2.7755575615628914e-17j) -3200
3 2 1 1 (8.743006318923108e-16+1.06195474878836e-16j) -3200
3 2 1 2 (9.508292363125851e-16+2.7755575615628914e-17j) -3200
3 2 1 3 (1.3877787807814457e-15+0j) -3200
3 2 2 0 (-0.7424028844079966+3.3306690738754696e-16j) -3200
3 2 2 1 (-1.6653345369377348e-16-1.6653345369377348e-16j) -3200
3 2 2 2 (0.6103260493754413+1.942890293094024e-16j) -3200
3 2 2 3 (-3.608224830031759e-16-8.326672684688674e-17j) -3200
3 2 3 0 -9.911753541515883e-17j -3200
3 2 3 1 (0.8987261315986823-4.996003610813204e-16j) -3200
3 2 3 2 0j -3200
3 2 3 3 (0.8987261315986824-6.106226635438361e-16j) 47
3 3 0 0 (-2.7755575615628914e-16+3.191891195797325e-16j) -3200
3 3 0 1 (-0.742402884407996+7.494005416219807e-16j) -3200
3 3 0 2 (4.0245584642661925e-16-1.6653345369377348e-16j) -3200
3 3 0 3 (0.6103260493754415-6.245004513516506e-16j) -3200
3 3 1 0 (-7.077671781985373e-16+4.2478189951534395e-16j) -3200
3 3 1 1 (-1.0066682933971446e-15+2.7755575615628914e-17j) -3200
3 3 1 2 (-1.1379786002407855e-15-3.1858642463650805e-16j) -3200
3 3 1 3 (-3.225382363035593e-16-2.7755575615628914e-17j) -3200
3 3 2 0 (-1.249000902703301e-16+5.134781488891349e-16j) -3200
3 3 2 1 (0.7424028844079953-8.187894806610529e-16j) -3200
3 3 2 2 (-1.7069679003611782e-15+6.106226635438361e-16j) -3200
3 3 2 3 (-0.6103260493754425+7.216449660063518e-16j) -3200
3 3 3 0 (-0.8987261315986811+4.996003610813204e-16j) -3200
3 3 3 1 -4.3185983897902117e-16j -3200
3 3 3 2 (-0.8987261315986824+6.106226635438361e-16j) -3200
3 3 3 3 0j -3200
----
(dd_ij-dd_ji)/2
0 0 0 0 0j -3200
0 0 0 1 (0.8987261315986819+5.551115123125783e-17j) 61
0 0 0 2 7.07793946367714e-18j 62
0 0 0 3 (0.8987261315986818+1.6653345369377348e-16j) 63
0 0 1 0 (0.6103260493754423+0j) 64
0 0 1 1 (-1.1102230246251565e-16+1.1102230246251565e-16j) 65
0 0 1 2 (-0.7424028844079957-2.0816681711721685e-16j) 66
0 0 1 3 (-1.3877787807814457e-16-4.163336342344337e-17j) 67
0 0 2 0 -2.7755575615628914e-17j 68
0 0 2 1 (-2.7755575615628914e-17+3.0814879110195774e-33j) 69
0 0 2 2 (4.3268552284944635e-16+2.7755575615628914e-17j) 70
0 0 2 3 (3.0531133177191805e-16-6.162975822039155e-33j) 71
0 0 3 0 (-0.6103260493754419-4.163336342344337e-16j) 72
0 0 3 1 (-2.220446049250313e-16-6.938893903907228e-17j) 73
0 0 3 2 (0.7424028844079956+2.3592239273284576e-16j) 74
0 0 3 3 (-2.636779683484747e-16-3.469446951953614e-16j) 75
0 1 0 0 (-0.8987261315986819-5.551115123125783e-17j) -3200
0 1 0 1 0j -3200
0 1 0 2 (-0.898726131598682-1.6653345369377348e-16j) 76
0 1 0 3 -7.077939463677137e-18j 77
0 1 1 0 -4.163336342344337e-17j 78
0 1 1 1 (-0.6103260493754424-8.326672684688674e-17j) 79
0 1 1 2 (-1.1102230246251565e-16+2.3592239273284576e-16j) 80
0 1 1 3 (0.742402884407996+2.3592239273284576e-16j) 81
0 1 2 0 (8.326672684688674e-17-3.0814879110195774e-33j) 82
0 1 2 1 (-4.622231866529366e-33+2.7755575615628914e-17j) 83
0 1 2 2 (2.498001805406602e-16+2.1239094975767198e-16j) 84
0 1 2 3 (8.23896477168606e-16-2.7755575615628914e-17j) 85
0 1 3 0 (-1.3877787807814457e-17+4.163336342344337e-17j) 86
0 1 3 1 (0.6103260493754423+5.273559366969494e-16j) 87
0 1 3 2 (-2.220446049250313e-16-2.3592239273284576e-16j) 88
0 1 3 3 (-0.7424028844079961-7.91033905045424e-16j) 89
0 2 0 0 -7.07793946367714e-18j -3200
0 2 0 1 (0.898726131598682+1.6653345369377348e-16j) -3200
0 2 0 2 0j -3200
0 2 0 3 (0.898726131598682+2.7755575615628914e-16j) 61
0 2 1 0 (-0.7424028844079957-2.220446049250313e-16j) 66
0 2 1 1 (5.551115123125783e-17-4.163336342344337e-17j) 67
0 2 1 2 (0.6103260493754419+0j) 64
0 2 1 3 (9.71445146547012e-17-9.71445146547012e-17j) 65
0 2 2 0 (-1.232595164407831e-32+2.7755575615628914e-17j) 70
0 2 2 1 (-8.326672684688674e-17-6.162975822039155e-33j) 71
0 2 2 2 (7.903623334102436e-18-2.7755575615628914e-17j) 68
0 2 2 3 (3.608224830031759e-16+1.5407439555097887e-32j) 69
0 2 3 0 (0.7424028844079956+8.326672684688674e-17j) 74
0 2 3 1 -9.71445146547012e-17j 75
0 2 3 2 (-0.6103260493754417-5.551115123125783e-16j) 72
0 2 3 3 (3.885780586188048e-16+2.498001805406602e-16j) 73
0 3 0 0 (-0.8987261315986818-1.6653345369377348e-16j) -3200
0 3 0 1 7.077939463677137e-18j -3200
0 3 0 2 (-0.898726131598682-2.7755575615628914e-16j) -3200
0 3 0 3 0j -3200
0 3 1 0 (-4.163336342344337e-17+5.551115123125783e-17j) 80
0 3 1 1 (0.7424028844079955+4.718447854656915e-16j) 81
0 3 1 2 (6.938893903907228e-17-2.636779683484747e-16j) 78
0 3 1 3 (-0.6103260493754421-3.0531133177191805e-16j) 79
0 3 2 0 (2.7755575615628914e-17-9.244463733058732e-33j) 84
0 3 2 1 (-1.232595164407831e-32-2.7755575615628914e-17j) 85
0 3 2 2 (3.0531133177191805e-16-2.1239094975767198e-16j) 82
0 3 2 3 (8.238964771686059e-16+2.7755575615628914e-17j) 83
0 3 3 0 (-6.938893903907228e-17-1.1102230246251565e-16j) 88
0 3 3 1 (-0.742402884407996-3.7470027081099033e-16j) 89
0 3 3 2 (-2.220446049250313e-16-2.914335439641036e-16j) 86
0 3 3 3 (0.6103260493754415+6.522560269672795e-16j) 87
1 0 0 0 (-0.6103260493754423+0j) -3200
1 0 0 1 4.163336342344337e-17j -3200
1 0 0 2 (0.7424028844079957+2.220446049250313e-16j) -3200
1 0 0 3 (4.163336342344337e-17-5.551115123125783e-17j) -3200
1 0 1 0 0j -3200
1 0 1 1 (-0.8987261315986821-2.7755575615628914e-16j) 76
1 0 1 2 -7.077939463677137e-18j 77
1 0 1 3 (-0.8987261315986819-2.7755575615628914e-16j) 76
1 0 2 0 (-0.6103260493754423-1.3877787807814457e-17j) 79
1 0 2 1 (-1.3877787807814457e-16-8.326672684688674e-17j) 80
1 0 2 2 (0.7424028844079958+5.273559366969494e-16j) 81
1 0 2 3 (5.551115123125783e-17+4.3021142204224816e-16j) 78
1 0 3 0 (8.23896477168606e-16+2.7755575615628914e-17j) 83
1 0 3 1 (-5.412337245047638e-16-3.0814879110195774e-33j) 84
1 0 3 2 (-5.1334643724163994e-17-2.7755575615628914e-17j) 85
1 0 3 3 (-7.077671781985373e-16-4.2478189951534395e-16j) 82
1 1 0 0 (1.1102230246251565e-16-1.1102230246251565e-16j) -3200
1 1 0 1 (0.6103260493754424+8.326672684688674e-17j) -3200
1 1 0 2 (-5.551115123125783e-17+4.163336342344337e-17j) -3200
1 1 0 3 (-0.7424028844079955-4.718447854656915e-16j) -3200
1 1 1 0 (0.8987261315986821+2.7755575615628914e-16j) -3200
1 1 1 1 0j -3200
1 1 1 2 (0.8987261315986819+3.885780586188048e-16j) 61
1 1 1 3 1.1029751130728335e-17j 62
1 1 2 0 (1.3877787807814457e-17+2.7755575615628914e-17j) 67
1 1 2 1 (0.6103260493754419+0j) 64
1 1 2 2 (-4.163336342344337e-17-2.220446049250313e-16j) 65
1 1 2 3 (-0.7424028844079954+0j) 66
1 1 3 0 (4.163336342344337e-16+1.0619547487883599e-16j) 71
1 1 3 1 (-1.4920087103235444e-16-2.7755575615628914e-17j) 68
1 1 3 2 (8.743006318923108e-16-1.0619547487883599e-16j) 69
1 1 3 3 (-1.0066682933971446e-15+2.7755575615628914e-17j) 70
1 2 0 0 (0.7424028844079957+2.0816681711721685e-16j) -3200
1 2 0 1 (1.1102230246251565e-16-2.3592239273284576e-16j) -3200
1 2 0 2 (-0.6103260493754419+0j) -3200
1 2 0 3 (-6.938893903907228e-17+2.636779683484747e-16j) -3200
1 2 1 0 7.077939463677137e-18j -3200
1 2 1 1 (-0.8987261315986819-3.885780586188048e-16j) -3200
1 2 1 2 0j -3200
1 2 1 3 (-0.8987261315986816-3.885780586188048e-16j) 76
1 2 2 0 (0.7424028844079957+4.440892098500626e-16j) 81
1 2 2 1 (-1.6653345369377348e-16+2.7755575615628914e-17j) 78
1 2 2 2 (-0.6103260493754424-4.0245584642661925e-16j) 79
1 2 2 3 (-1.6653345369377348e-16+7.077671781985373e-16j) 80
1 2 3 0 (1.269327591439794e-16-2.7755575615628914e-17j) 85
1 2 3 1 (-8.604228440844963e-16+6.162975822039155e-33j) 82
1 2 3 2 (9.508292363125851e-16+2.7755575615628914e-17j) 83
1 2 3 3 (-1.1379786002407855e-15+3.1858642463650795e-16j) 84
1 3 0 0 (1.3877787807814457e-16+4.163336342344337e-17j) -3200
1 3 0 1 (-0.742402884407996-2.3592239273284576e-16j) -3200
1 3 0 2 (-9.71445146547012e-17+9.71445146547012e-17j) -3200
1 3 0 3 (0.6103260493754421+3.0531133177191805e-16j) -3200
1 3 1 0 (0.8987261315986819+2.7755575615628914e-16j) -3200
1 3 1 1 -1.1029751130728335e-17j -3200
1 3 1 2 (0.8987261315986816+3.885780586188048e-16j) -3200
1 3 1 3 0j -3200
1 3 2 0 (3.3306690738754696e-16-2.498001805406602e-16j) 65
1 3 2 1 (-0.7424028844079955-4.0245584642661925e-16j) 66
1 3 2 2 (-2.636779683484747e-16+9.71445146547012e-17j) 67
1 3 2 3 (0.6103260493754417+9.159339953157541e-16j) 64
1 3 3 0 (1.0408340855860843e-15+4.8268275836796786e-18j) 69
1 3 3 1 (3.2253823630355925e-16+2.7755575615628914e-17j) 70
1 3 3 2 (1.3877787807814457e-15-1.232595164407831e-32j) 71
1 3 3 3 (-3.2253823630355925e-16-2.7755575615628914e-17j) 68
2 0 0 0 2.7755575615628914e-17j -3200
2 0 0 1 (-8.326672684688674e-17+3.0814879110195774e-33j) -3200
2 0 0 2 (1.232595164407831e-32-2.7755575615628914e-17j) -3200
2 0 0 3 (-2.7755575615628914e-17+9.244463733058732e-33j) -3200
2 0 1 0 (0.6103260493754423+1.3877787807814457e-17j) -3200
2 0 1 1 (-1.3877787807814457e-17-2.7755575615628914e-17j) -3200
2 0 1 2 (-0.7424028844079957-4.440892098500626e-16j) -3200
2 0 1 3 (-3.3306690738754696e-16+2.498001805406602e-16j) -3200
2 0 2 0 0j -3200
2 0 2 1 (0.898726131598682+2.7755575615628914e-16j) 61
2 0 2 2 -8.256838704253056e-19j 62
2 0 2 3 (0.8987261315986821+3.608224830031759e-16j) 63
2 0 3 0 (0.6103260493754423+6.106226635438361e-16j) 64
2 0 3 1 (1.6653345369377348e-16-4.0245584642661925e-16j) 65
2 0 3 2 (-0.7424028844079966-3.608224830031759e-16j) 66
2 0 3 3 (-1.5265566588595902e-16-4.996003610813204e-16j) 67
2 1 0 0 (2.7755575615628914e-17-3.0814879110195774e-33j) -3200
2 1 0 1 (4.622231866529366e-33-2.7755575615628914e-17j) -3200
2 1 0 2 (8.326672684688674e-17+6.162975822039155e-33j) -3200
2 1 0 3 (1.232595164407831e-32+2.7755575615628914e-17j) -3200
2 1 1 0 (1.3877787807814457e-16+8.326672684688674e-17j) -3200
2 1 1 1 (-0.6103260493754419+0j) -3200
2 1 1 2 (1.6653345369377348e-16-2.7755575615628914e-17j) -3200
2 1 1 3 (0.7424028844079955+4.0245584642661925e-16j) -3200
2 1 2 0 (-0.898726131598682-2.7755575615628914e-16j) -3200
2 1 2 1 0j -3200
2 1 2 2 (-0.8987261315986821-6.106226635438361e-16j) 76
2 1 2 3 -4.85525079939639e-17j 77
2 1 3 0 2.7755575615628914e-16j 78
2 1 3 1 (-0.6103260493754419-4.85722573273506e-16j) 79
2 1 3 2 (-1.942890293094024e-16+1.942890293094024e-16j) 80
2 1 3 3 (0.7424028844079953+7.91033905045424e-16j) 81
2 2 0 0 (-4.3268552284944635e-16-2.7755575615628914e-17j) -3200
2 2 0 1 (-2.498001805406602e-16-2.1239094975767198e-16j) -3200
2 2 0 2 (-7.903623334102436e-18+2.7755575615628914e-17j) -3200
2 2 0 3 (-3.0531133177191805e-16+2.1239094975767198e-16j) -3200
2 2 1 0 (-0.7424028844079958-5.273559366969494e-16j) -3200
2 2 1 1 (4.163336342344337e-17+2.220446049250313e-16j) -3200
2 2 1 2 (0.6103260493754424+4.0245584642661925e-16j) -3200
2 2 1 3 (2.636779683484747e-16-9.71445146547012e-17j) -3200
2 2 2 0 8.256838704253056e-19j -3200
2 2 2 1 (0.8987261315986821+6.106226635438361e-16j) -3200
2 2 2 2 0j -3200
2 2 2 3 (0.8987261315986821+6.938893903907228e-16j) 61
2 2 3 0 (-0.742402884407996-6.522560269672795e-16j) 66
2 2 3 1 (-2.498001805406602e-16+1.3877787807814457e-17j) 67
2 2 3 2 (0.6103260493754414-2.220446049250313e-16j) 64
2 2 3 3 (-1.6792123247455493e-15-6.938893903907228e-16j) 65
2 3 0 0 (-3.0531133177191805e-16+6.162975822039155e-33j) -3200
2 3 0 1 (-8.23896477168606e-16+2.7755575615628914e-17j) -3200
2 3 0 2 (-3.608224830031759e-16-1.5407439555097887e-32j) -3200
2 3 0 3 (-8.238964771686059e-16-2.7755575615628914e-17j) -3200
2 3 1 0 (-5.551115123125783e-17-4.3021142204224816e-16j) -3200
2 3 1 1 (0.7424028844079954+0j) -3200
2 3 1 2 (1.6653345369377348e-16-7.077671781985373e-16j) -3200
2 3 1 3 (-0.6103260493754417-9.159339953157541e-16j) -3200
2 3 2 0 (-0.8987261315986821-3.608224830031759e-16j) -3200
2 3 2 1 4.85525079939639e-17j -3200
2 3 2 2 (-0.8987261315986821-6.938893903907228e-16j) -3200
2 3 2 3 0j -3200
2 3 3 0 (-2.7755575615628914e-17+3.0531133177191805e-16j) 80
2 3 3 1 (0.7424028844079951+2.7755575615628914e-16j) 81
2 3 3 2 (-3.3306690738754696e-16+5.551115123125783e-17j) 78
2 3 3 3 (-0.6103260493754425-7.494005416219807e-16j) 79
3 0 0 0 (0.6103260493754419+4.163336342344337e-16j) -3200
3 0 0 1 (1.3877787807814457e-17-4.163336342344337e-17j) -3200
3 0 0 2 (-0.7424028844079956-8.326672684688674e-17j) -3200
3 0 0 3 (6.938893903907228e-17+1.1102230246251565e-16j) -3200
3 0 1 0 (-8.23896477168606e-16-2.7755575615628914e-17j) -3200
3 0 1 1 (-4.163336342344337e-16-1.0619547487883599e-16j) -3200
3 0 1 2 (-1.269327591439794e-16+2.7755575615628914e-17j) -3200
3 0 1 3 (-1.0408340855860843e-15-4.8268275836796786e-18j) -3200
3 0 2 0 (-0.6103260493754423-6.106226635438361e-16j) -3200
3 0 2 1 -2.7755575615628914e-16j -3200
3 0 2 2 (0.742402884407996+6.522560269672795e-16j) -3200
3 0 2 3 (2.7755575615628914e-17-3.0531133177191805e-16j) -3200
3 0 3 0 0j -3200
3 0 3 1 (-0.8987261315986816-3.885780586188048e-16j) 76
3 0 3 2 9.911753541515884e-17j 77
3 0 3 3 (-0.8987261315986811-4.996003610813204e-16j) 76
3 1 0 0 (2.220446049250313e-16+6.938893903907228e-17j) -3200
3 1 0 1 (-0.6103260493754423-5.273559366969494e-16j) -3200
3 1 0 2 9.71445146547012e-17j -3200
3 1 0 3 (0.742402884407996+3.7470027081099033e-16j) -3200
3 1 1 0 (5.412337245047638e-16+3.0814879110195774e-33j) -3200
3 1 1 1 (1.4920087103235444e-16+2.7755575615628914e-17j) -3200
3 1 1 2 (8.604228440844963e-16-6.162975822039155e-33j) -3200
3 1 1 3 (-3.2253823630355925e-16-2.7755575615628914e-17j) -3200
3 1 2 0 (-1.6653345369377348e-16+4.0245584642661925e-16j) -3200
3 1 2 1 (0.6103260493754419+4.85722573273506e-16j) -3200
3 1 2 2 (2.498001805406602e-16-1.3877787807814457e-17j) -3200
3 1 2 3 (-0.7424028844079951-2.7755575615628914e-16j) -3200
3 1 3 0 (0.8987261315986816+3.885780586188048e-16j) -3200
3 1 3 1 0j -3200
3 1 3 2 (0.8987261315986823+4.996003610813204e-16j) 61
3 1 3 3 4.3185983897902107e-16j 62
3 2 0 0 (-0.7424028844079956-2.3592239273284576e-16j) -3200
3 2 0 1 (2.220446049250313e-16+2.3592239273284576e-16j) -3200
3 2 0 2 (0.6103260493754417+5.551115123125783e-16j) -3200
3 2 0 3 (2.220446049250313e-16+2.914335439641036e-16j) -3200
3 2 1 0 (5.1334643724163994e-17+2.7755575615628914e-17j) -3200
3 2 1 1 (-8.743006318923108e-16+1.0619547487883599e-16j) -3200
3 2 1 2 (-9.508292363125851e-16-2.7755575615628914e-17j) -3200
3 2 1 3 (-1.3877787807814457e-15+1.232595164407831e-32j) -3200
3 2 2 0 (0.7424028844079966+3.608224830031759e-16j) -3200
3 2 2 1 (1.942890293094024e-16-1.942890293094024e-16j) -3200
3 2 2 2 (-0.6103260493754414+2.220446049250313e-16j) -3200
3 2 2 3 (3.3306690738754696e-16-5.551115123125783e-17j) -3200
3 2 3 0 -9.911753541515884e-17j -3200
3 2 3 1 (-0.8987261315986823-4.996003610813204e-16j) -3200
3 2 3 2 0j -3200
3 2 3 3 (-0.8987261315986824-6.106226635438361e-16j) 76
3 3 0 0 (2.636779683484747e-16+3.469446951953614e-16j) -3200
3 3 0 1 (0.7424028844079961+7.91033905045424e-16j) -3200
3 3 0 2 (-3.885780586188048e-16-2.498001805406602e-16j) -3200
3 3 0 3 (-0.6103260493754415-6.522560269672795e-16j) -3200
3 3 1 0 (7.077671781985373e-16+4.2478189951534395e-16j) -3200
3 3 1 1 (1.0066682933971446e-15-2.7755575615628914e-17j) -3200
3 3 1 2 (1.1379786002407855e-15-3.1858642463650795e-16j) -3200
3 3 1 3 (3.2253823630355925e-16+2.7755575615628914e-17j) -3200
3 3 2 0 (1.5265566588595902e-16+4.996003610813204e-16j) -3200
3 3 2 1 (-0.7424028844079953-7.91033905045424e-16j) -3200
3 3 2 2 (1.6792123247455493e-15+6.938893903907228e-16j) -3200
3 3 2 3 (0.6103260493754425+7.494005416219807e-16j) -3200
3 3 3 0 (0.8987261315986811+4.996003610813204e-16j) -3200
3 3 3 1 -4.3185983897902107e-16j -3200
3 3 3 2 (0.8987261315986824+6.106226635438361e-16j) -3200
3 3 3 3 0j -3200

all vmcfij
# cnt indfij sub site fij.re fij.im
----
0 0.650716500669 0.0
1 1.0 -1.11022302463e-16
2 0.0674079516054 -6.8428259876e-17
3 1.0 0.0
4 0.707106781187 -2.63677968348e-16
5 0.165292941421 -2.91433543964e-16
6 -0.707106781187 1.80411241502e-16
7 0.165292941421 1.80411241502e-16
8 3.08841649977e-16 -0.0
9 -4.57966997658e-16 3.19517439389e-16
10 7.19299950565e-16 -0.0
11 -4.71844785466e-16 -4.02784166236e-16
12 -0.707106781187 5.55111512313e-17
13 -0.165292941421 -3.88578058619e-16
14 0.707106781187 -3.60822483003e-16
15 -0.165292941421 2.77555756156e-17
16 0.650716500669 0.0
17 1.0 0.0
18 0.0674079516054 1.22292392957e-16
19 1.0 -1.11022302463e-16
20 0.707106781187 -6.93889390391e-17
21 0.165292941421 -4.16333634234e-17
22 -0.707106781187 1.80411241502e-16
23 0.165292941421 -1.66533453694e-16
24 9.19510302937e-16 -0.0
25 -4.57966997658e-16 -6.4440193174e-17
26 -6.71217832449e-17 0.0
27 -4.16333634234e-16 6.4440193174e-17
28 -0.707106781187 5.55111512313e-17
29 -0.165292941421 1.66533453694e-16
30 0.707106781187 -9.71445146547e-17
31 -0.165292941421 1.38777878078e-17
----
32 -0.898726131599 4.99600361081e-16
33 0.0 4.31859838979e-16
34 -0.898726131599 3.60822483003e-16
35 -0.610326049375 -1.94289029309e-16
36 1.70696790036e-15 -6.10622663544e-16
37 0.742402884408 -6.66133814775e-16
38 2.35922392733e-16 -1.38777878078e-17
39 3.22538236304e-16 2.77555756156e-17
40 -1.04083408559e-15 4.82682758368e-18
41 -3.22538236304e-16 -2.77555756156e-17
42 -1.38777878078e-15 0.0
43 0.610326049375 -5.82867087928e-16
44 -4.02455846427e-16 1.66533453694e-16
45 -0.742402884408 1.11022302463e-16
46 1.38777878078e-17 4.16333634234e-17
47 0.898726131599 -6.10622663544e-16
48 0.0 9.91175354152e-17
49 3.60822483003e-16 8.32667268469e-17
50 0.610326049375 -7.21644966006e-16
51 0.0 2.77555756156e-16
52 -0.742402884408 2.77555756156e-16
53 8.60422844084e-16 0.0
54 -9.50829236313e-16 -2.77555756156e-17
55 1.13797860024e-15 3.18586424637e-16
56 -1.26932759144e-16 2.77555756156e-17
57 2.08166817117e-16 -3.1918911958e-16
58 -0.610326049375 6.24500451352e-16
59 9.71445146547e-17 -9.71445146547e-17
60 0.742402884408 -3.46944695195e-16
----
61 0.898726131599 4.99600361081e-16
62 0.0 4.31859838979e-16
63 0.898726131599 3.60822483003e-16
64 0.610326049375 -2.22044604925e-16
65 -1.67921232475e-15 -6.93889390391e-16
66 -0.742402884408 -6.52256026967e-16
67 -2.49800180541e-16 1.38777878078e-17
68 -3.22538236304e-16 -2.77555756156e-17
69 1.04083408559e-15 4.82682758368e-18
70 3.22538236304e-16 2.77555756156e-17
71 1.38777878078e-15 -1.23259516441e-32
72 -0.610326049375 -5.55111512313e-16
73 3.88578058619e-16 2.49800180541e-16
74 0.742402884408 8.32667268469e-17
75 0.0 -9.71445146547e-17
76 -0.898726131599 -6.10622663544e-16
77 0.0 9.91175354152e-17
78 -3.33066907388e-16 5.55111512313e-17
79 -0.610326049375 -7.49400541622e-16
80 -2.77555756156e-17 3.05311331772e-16
81 0.742402884408 2.77555756156e-16
82 -8.60422844084e-16 6.16297582204e-33
83 9.50829236313e-16 2.77555756156e-17
84 -1.13797860024e-15 3.18586424637e-16
85 1.26932759144e-16 -2.77555756156e-17
86 -2.22044604925e-16 -2.91433543964e-16
87 0.610326049375 6.52256026967e-16
88 -6.93889390391e-17 -1.11022302463e-16
89 -0.742402884408 -3.74700270811e-16
